BPM:167.50.32
0.672
1.024
1.408
1.728
2.08
2.432
2.7520000000000002
3.104
3.456
3.8080000000000003
4.128
4.48
4.832
5.184
5.5360000000000005
5.856
6.208
6.5600000000000005
6.88
7.232
7.5840000000000005
7.936
8.288
8.608
8.96
9.312
9.632
9.984
10.336
10.656
11.008000000000001
11.36
11.712
12.064
12.416
12.736
13.088000000000001
13.44
13.792
14.112
14.464
14.816
15.168000000000001
15.488
15.84
16.192
16.544
16.896
17.248
17.568
17.92
18.240000000000002
18.592
18.944
19.296
19.616
19.968
20.32
20.64
20.992
21.344
21.696
22.048000000000002
22.400000000000002
22.752
23.104
